1 [5,2,27,7,14,1,23,8,16,4,22,20,10,18,15,12,19,24,26,21,9,13,11,6,25,28,17,3]
2 [52,4,11,51,34,8,13,17,58,53,56,30,29,10,25,39,18,33,23,21,57,50,46,42,22,2,49,38,41,47,15,14,61,12,5,54,20,44,37,40,32,55,48,59,6,19,35,3,16,36,27,1,43,9,31,45,60,26,7,24,28]
3 [37,17,3,16,2,35,26,1,27,18,19,7,15,32,46,4,9,12,23,24,20,43,11,53,38,8,28,14,41,33,42,36,5,30,13,49,34,54,50,44,48,39,10,6,47,21,29,52,22,40,25,45,51,31]
4 [9,5,11,8,4,12,7,6,13,2,10,3,1]
5 [10,2,8,5,6,1,9,3,4,7]
6 [15,7,4,36,28,20,3,25,38,2,24,30,34,18,10,13,17,32,12,8,9,1,22,26,19,21,27,23,5,14,37,11,16,31,35,33,29,6]
7 [37,9,4,23,2,11,28,15,12,18,8,36,32,29,24,26,1,25,17,14,22,5,19,3,6,10,7,30,35,34,27,21,31,20,13,33,16]
8 [80,49,89,58,60,62,23,51,78,15,38,77,57,83,61,39,85,103,42,35,101,94,97,14,31,82,41,70,33,79,30,37,34,26,63,75,36,10,100,4,76,29,32,65,98,25,86,91,71,20,92,7,45,24,56,59,1,27,54,21,22,99,81,44,53,48,2,5,28,6,18,88,84,16,47,102,11,17,72,43,8,73,13,40,19,66,3,68,64,90,67,12,93,87,74,9,95,55,52,69,50,96,46]
9 [10,13,3,12,14,5,7,18,8,19,1,9,4,15,11,6,17,2,16]
10 [11,19,1,15,25,3,22,6,14,12,13,9,18,21,2,7,24,8,4,10,20,23,16,17,5]
11 [6,3,8,10,4,1,2,11,5,9,7]
12 [1,2]
13 [5,1,46,59,33,24,37,6,45,16,61,31,26,52,48,27,38,2,7,63,8,39,50,10,57,68,67,55,60,34,13,12,36,9,18,62,11,44,21,19,66,42,17,54,23,3,29,20,51,14,43,32,58,4,53,49,47,65,35,15,56,28,40,64,30,22,41,25]
14 [2,4,1,3]
15 [21,7,13,15,12,9,2,16,4,10,6,8,5,17,14,3,19,11,18,1,20]
16 [5,1,3,2,4]
17 [24,19,7,16,1,10,15,11,12,6,14,18,23,22,17,20,4,5,13,9,21,8,3,25,2]
18 [17,20,32,25,2,13,26,3,1,12,24,5,7,31,10,21,11,29,27,23,14,19,15,22,6,4,16,8,28,30,9,18]
19 [2,3,1,4,5]
20 [2,1]
21 [9,3,4,5,2,8,10,1,11,6,7]
22 [6,9,1,7,4,3,2,5,8]
23 [2,1,6,7,5,3,4,8]
24 [67,111,60,26,4,9,42,2,21,53,8,117,95,13,18,115,108,33,19,68,80,14,37,90,54,35,119,96,76,1,10,74,118,107,23,44,75,34,47,39,104,22,72,59,5,112,63,100,79,69,11,71,78,105,116,94,28,25,81,113,49,3,40,27,58,120,73,52,93,57,43,61,6,45,17,98,110,12,82,102,30,7,29,103,99,55,101,106,83,46,15,20,38,56,92,86,50,48,77,36,84,62,70,91,65,89,109,41,32,85,51,88,66,114,87,64,24,121,97,31,16]
25 [4,2,7,5,1,8,3,6,9,10]
26 [70,63,16,53,1,30,65,52,35,48,5,47,26,25,19,6,18,28,15,17,2,8,29,9,31,61,34,42,66,50,49,39,32,36,11,27,44,54,58,13,46,4,21,10,22,14,23,40,12,67,38,64,71,55,56,3,7,59,60,24,41,43,33,20,57,68,62,45,37,69,51]
27 [4,43,2,5,34,48,27,56,12,31,32,72,44,9,63,55,65,39,19,37,11,8,36,15,14,38,33,53,68,10,21,13,52,3,41,26,6,20,16,22,51,1,46,62,50,28,17,42,29,69,60,58,47,45,66,24,71,64,18,7,30,40,67,57,61,70,35,49,23,25,54,59]
28 [19,23,35,66,8,22,13,67,24,15,85,86,72,25,63,37,30,38,70,55,4,73,81,26,79,74,14,2,48,54,80,78,77,18,60,56,82,5,64,69,33,36,76,11,43,31,21,46,3,50,7,84,9,28,83,29,59,65,39,27,45,57,6,71,51,16,49,12,40,10,44,62,32,61,58,17,68,34,75,53,20,52,87,41,42,47,1]
29 [20,27,11,3,16,1,12,13,18,17,21,9,10,19,15,14,4,6,2,8,25,22,7,24,23,26,5,28]
30 [90,9,13,67,31,42,16,96,69,26,94,58,52,99,4,25,108,95,109,93,41,45,24,29,62,64,15,104,55,11,89,100,5,21,48,72,106,65,97,30,19,3,73,102,49,68,50,59,27,35,38,44,81,103,66,101,54,77,86,32,85,17,56,80,87,110,51,22,6,34,74,57,79,14,78,36,107,28,8,71,98,1,82,92,43,39,88,91,46,40,105,2,23,60,12,53,47,76,37,83,70,63,7,84,10,61,18,75,33,20]
31 [3,2,5,8,4,7,6,1]
32 [45,70,16,3,62,22,4,52,9,80,91,99,103,115,107,117,116,76,118,59,60,27,120,123,1,56,20,8,78,10,81,46,37,114,83,110,102,14,32,97,41,89,7,13,101,104,119,75,23,98,53,30,40,82,44,29,33,54,68,58,31,71,96,26,66,113,5,50,35,106,18,49,92,88,61,48,17,36,74,55,6,72,47,63,109,112,73,79,85,105,43,11,69,25,12,86,19,122,94,38,67,93,2,90,15,24,51,87,21,64,121,84,100,34,39,95,65,42,57,28,77,108,111]
33 [1,6,7,2,4,5,3]
34 [68,58,28,37,71,70,35,44,31,24,6,45,63,22,5,21,62,13,51,3,1,66,7,12,54,65,36,46,52,26,10,14,57,50,69,2,39,67,47,27,16,59,8,49,38,11,55,34,61,25,32,43,42,64,48,17,20,33,30,23,4,40,41,15,56,19,60,18,9,29,53]
35 [63,67,37,10,28,55,18,61,23,3,2,8,48,58,71,70,64,45,57,27,72,14,12,53,52,13,1,42,29,31,54,43,21,25,32,62,19,65,50,35,33,4,5,41,47,56,68,7,59,51,6,73,17,34,69,20,36,24,49,46,39,40,11,66,9,44,15,16,22,30,26,38,60]
36 [3,10,9,4,2,8,11,13,12,7,6,1,5,14]
37 [13,15,5,11,14,19,2,17,12,9,16,3,10,18,4,1,6,8,7]
38 [32,90,24,39,92,77,74,40,13,67,26,8,82,75,16,78,22,20,57,79,45,94,34,89,15,33,10,66,83,31,56,3,84,27,76,59,60,50,93,48,63,80,87,71,4,38,100,42,73,62,88,85,46,69,29,52,86,14,28,64,17,44,47,96,2,72,98,1,65,81,41,7,21,11,97,68,53,61,6,70,25,12,18,35,37,9,91,95,49,36,43,55,19,5,51,23,54,58,30,99]
39 [15,8,20,9,5,14,1,7,6,2,17,4,22,21,3,16,19,11,12,10,18,13]
40 [17,22,9,5,3,21,1,4,13,20,10,11,8,7,16,14,18,6,2,15,12,19]
41 [2,1]
42 [7,15,23,24,31,1,33,25,4,19,14,29,30,18,12,16,34,6,8,5,2,11,21,22,13,17,26,28,27,20,32,9,3,10]
43 [49,23,8,4,27,39,7,44,30,18,25,17,31,13,2,45,16,50,10,37,47,3,33,43,15,5,12,21,26,22,11,36,34,24,40,20,29,28,32,9,35,41,38,19,14,6,48,1,42,46]
44 [20,3,28,55,17,40,69,1,25,19,41,13,48,16,60,30,44,66,38,58,52,57,43,37,36,62,67,14,76,49,39,78,4,81,51,35,70,80,5,54,12,26,56,15,79,53,31,18,23,65,32,75,42,77,2,22,68,6,50,72,63,24,73,74,33,47,21,11,27,9,29,64,45,61,46,34,59,71,10,7,8]
45 [9,11,6,1,5,4,2,10,8,12,3,7]
46 [7,31,48,22,42,23,2,17,5,38,24,18,36,45,21,34,19,13,53,46,4,47,1,16,10,52,51,15,43,30,6,32,26,39,56,28,41,40,29,37,8,20,14,27,44,9,11,55,12,33,49,3,35,54,50,25]
47 [2,1]
48 [4,2,3,1]
49 [24,46,85,5,82,34,26,14,67,2,10,63,56,55,8,17,53,50,57,84,20,68,4,74,42,19,18,76,80,21,70,29,9,66,78,11,31,58,73,43,69,79,36,25,35,49,52,54,60,32,44,37,61,83,7,33,45,39,71,59,62,1,3,40,51,65,75,47,16,22,23,38,28,64,48,15,6,12,72,27,77,30,13,81,41]
50 [5,26,4,2,37,18,38,32,15,23,21,7,31,28,27,33,8,39,12,44,6,1,9,11,30,13,20,22,24,3,36,19,41,25,34,16,42,29,35,10,43,40,14,17]
51 [18,37,1,26,21,46,39,32,30,28,8,25,27,10,38,36,19,31,24,13,23,42,35,4,16,41,34,14,45,40,20,33,7,47,6,3,5,48,43,15,29,44,9,17,2,22,11,12]
52 [2,1]
53 [18,3,38,19,35,36,8,9,30,13,44,23,12,32,31,10,27,20,21,11,22,43,29,24,16,45,28,1,5,41,34,39,6,14,7,15,33,17,37,26,25,40,42,4,2]
54 [93,18,57,94,86,32,53,72,60,69,56,17,5,35,39,65,30,55,38,40,88,12,16,44,6,71,52,28,67,9,43,77,31,29,81,22,62,1,66,89,78,63,24,74,10,46,20,48,14,25,79,68,84,2,51,96,33,45,58,36,54,83,21,61,95,19,15,87,75,26,59,37,41,64,11,27,80,42,49,3,73,23,76,7,85,4,82,47,8,50,91,92,70,90,34,13]
55 [26,4,13,29,2,24,14,1,8,3,22,12,28,10,17,18,7,20,23,25,15,19,9,5,21,16,11,27,6,30]
56 [20,13,12,3,2,6,7,5,14,18,15,11,19,1,10,9,8,4,17,16]
57 [1,2]
58 [7,8,9,1,11,2,3,10,4,12,6,5]
59 [12,51,53,3,41,63,6,9,24,23,39,8,17,43,5,61,40,45,49,28,46,15,48,59,10,54,34,29,47,7,32,22,31,20,11,42,14,19,36,52,38,62,33,1,58,60,50,56,4,13,55,57,2,18,30,27,37,25,26,16,44,21,35]
60 [9,12,10,2,1,4,14,11,6,3,7,13,8,5]
61 [15,9,1,11,13,16,2,20,6,4,7,8,5,25,24,28,23,18,14,12,3,17,22,21,26,19,10,27]
62 [16,11,18,4,9,14,20,13,5,15,12,6,19,8,2,21,22,3,10,17,7,1]
63 [3,7,6,5,1,2,4]
64 [26,125,62,10,43,130,53,65,51,81,45,22,23,114,82,94,67,12,95,29,4,8,75,85,1,108,97,69,63,86,35,103,25,57,122,56,107,129,7,136,37,44,58,11,116,91,79,36,15,112,28,100,54,21,59,96,88,72,47,134,93,131,104,70,83,74,60,33,41,39,124,84,18,31,61,68,6,123,38,111,55,19,73,13,64,135,127,16,121,71,27,24,48,66,118,30,128,102,3,77,46,115,132,20,110,105,120,32,34,80,126,9,98,133,49,42,101,92,90,76,50,109,87,5,78,2,14,106,89,119,17,99,40,117,113,52]
